Plot	Block	Dry_wet	treatment	depth	Date	Mass_volume	OM	Olsen-P	Total_Al	Total_Ca	Total_Fe	Total_K	Total_Mg	Total_Mn	Total_P	Total_S	Total_Si	Total_Zn	pH-NaCl	Al_NaCl	Al_NaCl_meq	Ca_NaCl	Ca_NaCl_meq	Fe_NaCl	Fe_NaCl_meq	K_NaCl	Mg_NaCl	Mg_NaCl_meq	Mn_NaCl	Mn_NaCl_meq	P_NaCl	S_NaCl	Si_NaCl	Zn_NaCl	NO3_NaCl	NH4_NaCl	Al_Ca_NaCl	total_BC(Ca_K_Mg)	pH_H2O	Al_H2O	Ca_H2O	Fe_H2O	K_H2O	Mg_H2O	Na_H2O	P_H2O	S_H2O	Si_H2O	Zn_H2O	NO3_H2O	NH4_H2O	C/N-Ratio	total_N	total_C	%BS	CEC_meq/L
A1	A	droog	dolokal	0-10	26/11/2020	0.75	11.19	832.51	37.01	13.28	18.24	1.93	5.2	0.13	4.52	9.99	9.73	0.18	4.05	96.3	288.9	9830.7	19661.4	5.5	16.5	384.2	3292.2	6584.4	34.1	68.2	6.3	224.2	133.7	13.1	108.3	47.9	0.01	26630	4.51	62.03	193.58	16.84	155.02	114.96	154.74	6.06	129.71	172.59	1.17	368.18	344.18	22.1	2.7	59.8	67	46
A2	A	droog	controle	0-10	26/11/2020	0.77	10.62	1085.18	35.4	3.17	20.68	2.02	2.93	0.12	4.28	8.94	10.82	0.29	3.24	1366	4098	1811.2	3622.4	12.1	36.3	693.4	1090.2	2180.4	97.2	194.4	11	165.2	75.2	55.7	152.4	267.6	0.75	6496	3.95	40.1	32.34	12.38	127.8	22.21	96.38	6.62	57.22	107.06	0.67	394.23	285.89	19.6	2.8	54.9	16	31
A3	A	droog	biolit	0-10	26/11/2020	0.75	12.84	985.93	40.43	6.57	26.01	2.03	7.57	0.25	5.47	9.52	11.25	0.26	3.31	919.2	2757.6	3995.7	7991.4	7	21	456.2	2920.8	5841.6	55.3	110.6	10.1	165.4	113	35.1	71.9	63.7	0.23	14289	4.36	41.61	111.01	14.94	85.06	136.32	198.7	11.77	75.03	244.95	0.9	290.58	75.05	22.1	2.8	61.8	44	41
A4	A	droog	Soilfeed	0-10	26/11/2020	0.69	13.75	1255.79	99.29	15.46	32.07	16.85	16.51	0.73	7.71	15.05	17.05	0.29	3.25	1533.4	4600.2	4015.2	8030.4	9	27	780.6	1279	2558	32.4	64.8	7.7	180.3	936.6	46.1	82	52.4	0.38	11369	3.87	41.24	36.47	11.35	149.03	7.66	751.46	8.4	69.66	1417.25	1.36	597.88	41.06	19.5	4.4	85.6	26	34
B1	B	droog	dolokal	0-10	26/11/2020	0.65	17.13	870.78	34.98	19.4	18.28	1.84	6.81	0.24	5.49	12.87	8.72	0.25	4.04	77.2	231.6	13287.7	26575.4	3.4	10.2	559.8	4874.6	9749.2	36.2	72.4	4.4	225.4	143.4	19	86.7	241.7	0.01	36884	3.85	59.9	128.49	13.69	110.78	68.83	176.57	3.74	98.44	213.27	0.71	420.92	245.81	22.9	3.4	78	65	52
B2	B	droog	Soilfeed	0-10	26/11/2020	0.69	15.41	1056.85	45.94	7.33	23.37	3.07	5.62	0.25	6.35	14.46	10.72	0.23	3.14	1485.1	4455.3	4210.6	8421.2	9.2	27.6	871.1	2167.8	4335.6	33.7	67.4	6.9	193.5	422.2	60.2	16.1	74.3	0.35	13628	3.8	63.32	39.34	16.47	110.46	7.54	341.73	7.9	62.83	657.09	0.59	138.15	64.58	21	3.9	81.9	26	41
B3	B	droog	biolit	0-10	26/11/2020	0.78	13.42	986.29	47.37	5.88	27.86	2.43	6.08	0.19	5.36	11.48	12.12	0.25	3.14	721.7	2165.1	6380	12760	10	30	560.4	3988.8	7977.6	63.9	127.8	14.3	174.2	82.7	53.7	45.9	157.1	0.11	21298	3.47	48.32	108.21	16.4	111.26	86.17	217.65	28.82	73.42	148.34	0.96	368.74	147.99	23.7	2.9	68.6	44	57
B4	B	droog	controle	0-10	26/11/2020	0.72	14.12	1203.3	39.82	4.7	22.12	2.09	3.89	0.18	5.35	10.94	10.98	0.21	3	1692.3	5076.9	3056.4	6112.8	6	18	493.2	1375.8	2751.6	34.2	68.4	12.5	182.2	80.1	50	237.9	253.7	0.55	9358	3.03	51.07	78.36	11.76	133.03	57.99	182.36	11.95	66.75	137.7	1.42	664.71	250.96	22.3	3.3	73.7	23	46
C1	C	droog	Soilfeed	0-10	26/11/2020	0.62	17.14	1089.31	55.53	8.55	26.4	4.7	7.04	0.24	6.19	15.45	10.52	0.25	3.25	1573.9	4721.7	4017.6	8035.2	5.5	16.5	1111.4	1334.1	2668.2	31.3	62.6	7.6	206	2251.1	41.3	224.5	86.2	0.39	11815	3.95	78.04	38.05	22.44	232.82	7.67	1299.05	14.91	100.96	2634.46	0.57	883.11	31.95	20.2	4.4	88.8	25	43
C2	C	droog	controle	0-10	26/11/2020	0.73	11.24	1174.99	37.23	6.27	21	2.13	4.48	0.25	5.61	12.74	8.94	0.28	3.04	1449.4	4348.2	3242	6484	7.6	22.8	350.4	1989.5	3979	58.1	116.2	10.8	177.9	87	53.4	139.9	216.5	0.45	10813	3.17	54.21	70.65	22.86	52.93	53.93	164.38	9.78	63.61	170.11	1.36	462.93	190.28	21.9	4	87.7	26	43
C3	C	droog	dolokal	0-10	26/11/2020	0.73	12.95	944.06	35.78	9.73	24.09	1.69	4.73	0.15	5.66	12.86	9.65	0.21	3.28	502.5	1507.5	7308.9	14617.8	3.9	11.7	512.4	2392.7	4785.4	50.9	101.8	8.3	186.2	83.1	32.7	202.8	142.9	0.07	19916	3.54	49.3	147.9	13.6	175.07	93.79	165.9	6.21	81.26	150.77	1.05	692.54	270.87	21.7	3.5	75.8	59	55
C4	C	droog	biolit	0-10	26/11/2020	0.78	12.52	1036.55	47.85	4.86	31.49	2.58	6.46	0.2	5.29	10.18	11.28	0.23	3.47	483.7	1451.1	5903.4	11806.8	6.6	19.8	1056.2	3670.3	7340.6	179.6	359.2	13.2	185.1	78	36.9	177	223	0.08	20204	3.51	44.26	99.82	10.43	239.04	125.32	172.33	7.8	70.23	149.47	1.28	643.79	122.04	20.6	3	61.9	34	43
D1	D	droog	controle	0-10	26/11/2020	0.72	15.07	1288.84	37.45	4.25	21.71	2.34	3.74	0.17	5.65	11.8	9.84	0.22	3.16	1611.5	4834.5	2299.6	4599.2	9.9	29.7	1011.7	1288	2576	38.2	76.4	6.9	173.1	72.3	42.7	305.9	938.7	0.7	8187	3.14	37.68	54.16	21.68	307.44	29.15	125.51	9.58	72.96	135.27	0.74	954.04	686.42	19.8	3.5	69.3	22	41
D2	D	droog	Soilfeed	0-10	26/11/2020	0.69	12.29	1493.52	41.81	5.25	21.7	2.3	4.58	0.12	6.18	13.15	9.87	0.24	3.07	1462.3	4386.9	3213.5	6427	4.5	13.5	451.4	2082.5	4165	33.8	67.6	10.8	171.2	99.5	57.7	137.1	207.7	0.46	11043	3.48	32.9	48.54	7.4	116.18	37.97	280.61	6.69	60.25	218.88	0.68	555.37	311.01	22.1	3.5	77.2	30	48
D3	D	droog	dolokal	0-10	26/11/2020	0.67	13.64	1125.74	34.01	20.73	17.98	2.08	7.88	0.3	5.82	11.67	7.78	0.24	4.55	31.7	95.1	15621	31242	6.8	20.4	1399.7	6301.4	12602.8	33.5	67	9.5	231.2	150.7	6.6	282.7	331.8	0	45245	4.11	54.78	327.14	14.36	149.86	199.83	240.97	9.92	124.74	196.88	0.97	789.51	199.12	20.9	3.6	75.1	86	67
D4	D	droog	biolit	0-10	26/11/2020	0.83	11.92	1212.84	38.61	6.08	24.24	2.02	7.65	0.17	5.99	10.86	9.21	0.2	3.4	631.6	1894.8	4430.7	8861.4	3.7	11.1	426	3370.5	6741	27.5	55	13.8	175.1	78.3	30.4	73.6	232.7	0.14	16028	3.54	37.52	82.13	11.55	88.41	94.1	161.05	26.95	70.18	146.38	0.74	422.91	162.16	21	2.8	58.8	38	45
E1	E	droog	dolokal	0-10	26/11/2020	0.83	13.3	863.6	28.7	10.05	15.63	1.39	3.99	0.11	3.93	7.04	8.33	0.19	4.18	59.5	178.5	10065.8	20131.6	3.2	9.6	511.9	3304.8	6609.6	30.4	60.8	6.4	183.8	100.7	12.3	41.8	196.6	0.01	27253	3.1	37.05	211.5	9.6	100.91	120.4	108.13	6.35	98.48	167.28	0.73	369.74	174.93	25	2.1	52.6	76	53
E2	E	droog	controle	0-10	26/11/2020	0.85	12.68	1286.3	33.17	4.61	17.65	1.56	3.6	0.14	4.84	9.8	8.61	0.2	3.09	1264.7	3794.1	3189	6378	9.8	29.4	411	1808.5	3617	59.6	119.2	10.3	171.1	57.8	41.9	197.2	290.4	0.4	10406	3.24	32.87	59.79	11.05	63.76	47.32	104.07	6.94	63.25	112.1	0.73	445.95	261.61	22.9	2.7	61.9	31	47
E3	E	droog	Soilfeed	0-10	26/11/2020	0.68	14.01	1509.25	66.61	9.4	25.71	7.35	9.11	0.42	7.17	14.46	13.83	0.29	3.24	1259.5	3778.5	3497.6	6995.2	5.5	16.5	2009.2	1940.4	3880.8	29.8	59.6	12.1	174.3	718.6	48.9	344	748.2	0.36	12885	3.78	36.68	40.1	10.27	445.84	17.62	742.43	14.9	68.75	1236.16	0.8	1196.29	261.72	20.4	3.9	79.6	33	41
E4	E	droog	biolit	0-10	26/11/2020	0.64	18.73	1441.26	50.73	9.11	30.43	2.78	9.35	0.26	8.48	17.87	10.27	0.23	3.2	604.9	1814.7	8107.5	16215	5.3	15.9	909.1	5327.4	10654.8	113	226	53.4	222.1	132.3	53.7	359	366.5	0.07	27779	3.47	46.95	115.8	10.78	179.6	149.79	205.72	35.59	87.93	178.12	1.24	718.28	232.26	21.2	4.5	95.2	33	48
F1	F	nat	Soilfeed	0-10	26/11/2020	1.06	5.6	386.03	37.1	2.6	18.4	2.1	4.1	0.1	1.9	3.9	10.8	0.1	3.5	1002	3006	2119	4238	17	51	710	1074	2148	5	10	1	103	210	31	2	7	0.47	7097	4.9	45	16	21	39	2	124	1	12	167	0	23	11	32.7	0.9	29.4	26	32
F2	F	nat	controle	0-10	26/11/2020	1.08	4.94	443.34	49.1	3.3	26.7	2	5.8	0.1	1.7	3.5	11.3	0.2	3.4	1219	3657	532	1064	15	45	567	667	1334	6	12	1	116	17	18	4	7	2.29	2964	4.3	63	29	30	98	10	45	1	23	34	1	11	6	26.4	0.8	21.1	15	28
F3	F	nat	dolokal	0-10	26/11/2020	1.01	6.29	355.42	40.8	16.3	22.2	2.2	7.6	0.1	2.1	4.4	11.4	0.2	4.4	43	129	6482	12964	3	9	423	1900	3800	4	8	1	130	35	5	1	5	0.01	17187	5.7	19	162	10	69	68	92	1	34	90	0	12	15	28.7	1.3	37.3	75	36
F4	F	nat	biolit	0-10	26/11/2020	0.89	8.13	454.2	42.5	5.4	21.5	2.6	7.2	0.2	2.5	5.6	11.5	0.2	3.6	544	1632	2998	5996	38	114	477	2537	5074	9	18	1	122	36	25	2	6	0.18	11546	4.6	45	25	19	48	15	84	0	16	67	0	11	7	27.8	1.4	38.9	37	28
G1	G	nat	Soilfeed	0-10	26/11/2020	1.04	6.12	531.99	45.5	2.7	18.4	2	3.5	0.1	2.5	5.2	11.2	0.1	3.5	1071	3213	1368	2736	6	18	732	702	1404	7	14	1	152	135	18	1	5	0.78	4871	4.6	42	24	21	130	4	205	1	66	215	0	10	9	28.9	1.1	31.8	24	32
G2	G	nat	controle	0-10	26/11/2020	1.1	4.79	549.74	36.2	1.8	20.3	1.4	3.5	0.1	2.1	3.6	11.1	0.2	3.3	1216	3648	748	1496	10	30	383	645	1290	5	10	1	117	19	35	2	4	1.63	3171	4	33	18	18	46	4	41	1	17	57	0	8	7	27.3	0.9	24.6	10	24
G3	G	nat	dolokal	0-10	26/11/2020	0.98	10.24	409.79	35	9.5	20.4	1.6	5.2	0.1	2.3	5.4	10	0.1	3.8	199	597	5942	11884	9	27	427	2334	4668	10	20	1	149	45	13	1	4	0.03	16979	4.8	53	43	17	54	20	54	0	28	70	0	8	6	29	1.2	34.8	72	41
G4	G	nat	biolit	0-10	26/11/2020	1.05	5.27	500.96	37.2	3.3	15.1	2	4.4	0.1	2.1	4.2	11.3	0.1	3.5	646	1938	1990	3980	4	12	478	1794	3588	5	10	1	123	26	16	2	3	0.32	8047	4.5	40	22	16	63	12	51	1	20	47	0	8	5	31.3	1	31.3	33	27
H1	H	nat	biolit	0-10	26/11/2020	1.03	5.67	457.37	34.7	3.9	13.2	1.9	5.1	0.1	2	4.3	9.6	0.1	3.6	597	1791	1553	3106	4	12	424	1371	2742	6	12	1	134	25	10	2	2	0.38	6272	4.6	36	26	12	65	15	40	0	29	48	0	7	4	31.9	0.8	25.5	38	27
H2	H	nat	Soilfeed	0-10	26/11/2020	1.01	5.58	402.22	39.9	3.4	11.8	2.4	3.6	0.1	2.3	5.9	10.7	0.1	3.5	543	1629	2471	4942	6	18	663	1272	2544	5	10	1	143	123	25	2	5	0.22	8149	4.7	33	11	9	44	1	170	1	38	357	0	8	5	31.3	1	31.3	16	28
H3	H	nat	dolokal	0-10	26/11/2020	1	6.94	355.47	34.5	11.8	13.2	2	5.4	0.1	2.1	4.5	10.9	0.1	5.1	6	18	8175	16350	2	6	481	2241	4482	3	6	2	139	46	2	2	5	0	21312	5.7	16	158	7	83	78	89	1	28	75	0	8	4	31.3	1	31.3	90	45
H4	H	nat	controle	0-10	26/11/2020	0.99	7.69	505.8	36	2.9	11.4	2.2	3.1	0.1	2.5	6.8	11.7	0.2	3.3	1349	4047	1193	2386	25	75	573	1115	2230	11	22	1	144	30	34	2	6	1.13	5190	4.2	47	24	13	73	6	78	0	24	63	0	9	6	30.8	1.4	43.1	21	36
I1	I	nat	biolit	0-10	26/11/2020	0.79	10.84	546.37	45	8.3	25.6	2.5	12	0.2	3.2	6	8.7	0.1	3.8	350	1050	4290	8580	15	45	512	3378	6756	22	44	1	142	57	22	2	4	0.08	15849	5.6	44	38	16	156	37	112	0	28	85	0	8	4	30.1	1.4	42.2	32	29
I2	I	nat	dolokal	0-10	26/11/2020	1	6.93	410.58	35.4	19.6	16.3	1.9	8.3	0.1	2.3	5.4	11.5	0.2	4.5	28	84	7169	14338	3	9	506	2508	5016	7	14	1	140	40	27	2	3	0	19860	5.8	25	67	9	93	34	61	0	37	75	1	8	5	31.4	1.4	44	85	54
I3	I	nat	Soilfeed	0-10	26/11/2020	0.91	7.56	499.24	34.6	4	15.3	2.2	3.7	0.1	2.5	6.5	9.1	0.1	3.5	941	2823	2103	4206	15	45	689	1085	2170	19	38	1	133	125	26	5	5	0.45	7065	5.1	40	21	18	62	3	158	1	23	214	0	12	4	31.1	1.4	43.5	24	24
I4	I	nat	controle	0-10	26/11/2020	0.97	9.17	461.91	29.5	2.7	11.9	1.9	2.8	0.1	2.2	5.9	9.1	0.1	3.2	1431	4293	959	1918	9	27	495	715	1430	9	18	1	141	37	26	2	5	1.49	3845	4.5	47	25	18	80	6	75	0	24	79	1	9	9	31.1	1.6	49.7	17	32
J1	J	nat	dolokal	0-10	26/11/2020	0.88	8.23	539.63	37.8	14.7	19.6	1.7	6	0.1	2.5	6.1	11.1	0.2	4	182	546	6140	12280	4	12	458	2172	4344	6	12	1	131	57	12	2	4	0.03	17083	5.2	35	64	16	58	31	58	1	22	99	0	9	5	30.4	1.6	48.7	81	61
J2	J	nat	Soilfeed	0-10	26/11/2020	0.89	7.19	562.75	34.6	3.9	11.5	2.9	3.4	0.1	2.4	6.1	9.8	0.1	3.5	739	2217	2604	5208	26	78	984	1191	2382	10	20	1	137	420	30	2	6	0.28	8575	4.9	33	12	11	44	1	196	1	22	727	0	8	5	31.8	1.5	47.7	27	30
J3	J	nat	biolit	0-10	26/11/2020	0.98	5.38	371.93	52.6	14.3	35.2	2.8	22.6	0.5	3.9	5.5	10	0.1	3.7	374	1122	4339	8678	6	18	693	2899	5798	49	98	1	148	56	25	2	4	0.09	15168	4.6	51	39	16	114	34	77	0	53	83	1	8	4	28.2	1.4	39.5	40	30
J4	J	nat	controle	0-10	26/11/2020	0.88	7.19	539.53	33.3	3.2	14.1	2.3	3.8	0.1	2.8	7.4	9.7	0.2	3.2	1466	4398	806	1612	30	90	599	1012	2024	5	10	1	143	36	33	2	6	1.82	4236	4.2	40	27	22	106	9	103	1	37	90	0	9	4	29.3	1.8	52.7	15	29
